100
0,0,6,86
1,3,18,14
2,16,27,23
3,29,35,53
4,37,40,35
5,32,42,7
6,24,43,50
7,28,45,22
8,35,52,4
9,51,54,42
10,47,60,72
11,58,64,98
12,47,67,55
13,78,81,65
14,82,92,96
15,85,93,50
16,85,94,19
17,87,95,52
18,93,100,14
19,92,104,29
20,93,105,47
21,101,113,26
22,98,119,61
23,108,124,11
24,119,132,65
25,130,137,3
26,131,150,96
27,139,153,4
28,142,158,10
29,150,164,28
30,155,170,78
31,166,186,77
32,188,192,23
33,176,197,4
34,185,203,98
35,197,206,44
36,193,209,39
37,200,218,20
38,216,219,14
39,202,220,29
40,229,231,54
41,231,232,25
42,220,236,77
43,219,237,3
44,226,240,79
45,234,241,100
46,230,242,61
47,226,247,83
48,251,255,23
49,259,261,20
50,247,262,94
51,251,269,38
52,270,279,7
53,279,284,90
54,276,289,40
55,280,291,9
56,296,304,28
57,288,307,30
58,299,309,25
59,303,310,39
60,311,318,63
61,306,321,55
62,320,324,82
63,321,326,43
64,317,330,72
65,324,336,61
66,324,337,77
67,335,339,7
68,327,347,56
69,344,350,2
70,356,364,20
71,363,365,1
72,350,370,97
73,370,375,34
74,357,378,65
75,369,380,48
76,367,385,17
77,386,387,80
78,378,388,18
79,379,389,7
80,380,394,9
81,385,398,1
82,387,406,67
83,402,410,42
84,407,419,39
85,399,420,38
86,422,428,74
87,414,431,95
88,420,434,81
89,414,435,67
90,426,438,38
91,424,445,53
92,434,446,14
93,440,447,81
94,442,456,67
95,456,457,59
96,460,468,36
97,476,485,30
98,476,494,86
99,492,499,89
