1000
0,0,0,43
1,0,2,32
2,0,3,12
3,0,4,56
4,0,5,19
5,0,11,39
6,0,12,94
7,12,13,58
8,10,14,62
9,7,22,71
10,14,23,31
11,17,24,31
12,17,28,86
13,27,30,21
14,17,31,3
15,30,34,38
16,26,38,56
17,34,44,14
18,31,46,58
19,31,47,42
20,39,50,70
21,38,53,62
22,44,54,73
23,36,57,5
24,47,59,95
25,52,61,26
26,48,63,50
27,61,71,29
28,68,73,74
29,57,74,90
30,72,80,45
31,65,82,44
32,66,84,93
33,74,85,25
34,79,86,7
35,77,88,4
36,72,90,63
37,72,91,9
38,76,93,67
39,79,97,7
40,82,101,54
41,87,104,17
42,101,107,87
43,102,111,29
44,103,119,16
45,104,123,68
46,114,124,64
47,106,125,97
48,125,130,51
49,128,131,25
50,129,132,71
51,114,135,81
52,125,136,16
53,129,137,13
54,117,138,21
55,135,143,20
56,144,145,46
57,143,148,68
58,135,149,67
59,137,152,24
60,135,153,5
61,142,158,22
62,148,162,3
63,163,167,23
64,169,170,71
65,166,173,99
66,172,176,79
67,161,180,96
68,171,184,74
69,187,196,85
70,179,197,84
71,195,198,36
72,185,202,4
73,201,203,41
74,196,211,42
75,204,213,39
76,206,216,53
77,222,229,81
78,213,230,9
79,223,234,27
80,233,236,93
81,226,240,98
82,242,244,99
83,243,249,37
84,237,252,96
85,253,254,52
86,248,256,100
87,248,261,63
88,259,263,22
89,250,265,14
90,266,268,1
91,265,269,11
92,262,270,21
93,251,271,79
94,259,272,84
95,273,274,18
96,264,280,42
97,281,284,19
98,283,287,87
99,281,288,77
100,274,290,92
101,288,293,65
102,284,294,77
103,285,295,26
104,295,302,48
105,299,303,80
106,296,304,45
107,285,306,5
108,295,308,85
109,294,310,86
110,307,311,71
111,298,312,7
112,309,313,87
113,298,316,29
114,315,317,67
115,329,330,52
116,330,332,25
117,328,333,89
118,323,335,92
119,318,339,20
120,323,342,71
121,336,343,85
122,335,345,24
123,328,346,83
124,343,347,61
125,349,355,23
126,356,359,58
127,348,363,82
128,348,365,58
129,348,367,18
130,357,369,99
131,373,374,32
132,367,376,86
133,363,378,12
134,368,382,73
135,379,385,77
136,374,386,3
137,372,387,57
138,382,390,86
139,382,396,72
140,397,398,67
141,394,399,63
142,389,405,1
143,392,407,58
144,392,410,18
145,410,412,38
146,411,418,24
147,403,424,11
148,411,429,100
149,413,431,95
150,422,437,13
151,446,447,66
152,441,449,32
153,441,450,9
154,432,453,93
155,462,463,61
156,461,466,19
157,456,468,99
158,463,477,46
159,485,486,72
160,468,489,51
161,493,494,35
162,481,498,61
163,494,500,61
164,496,504,7
165,502,506,59
166,487,508,30
167,507,509,14
168,502,512,94
169,506,513,77
170,511,517,91
171,517,520,14
172,510,521,47
173,506,522,44
174,522,524,62
175,510,526,82
176,511,528,62
177,523,529,26
178,519,530,13
179,522,532,61
180,519,533,25
181,526,535,79
182,520,537,82
183,531,539,22
184,538,540,83
185,531,544,60
186,538,546,15
187,547,552,16
188,543,554,36
189,548,556,72
190,552,559,3
191,551,567,61
192,565,569,13
193,562,572,76
194,564,574,2
195,565,576,76
196,570,579,82
197,570,580,93
198,583,584,57
199,581,586,91
200,569,588,43
201,584,589,47
202,585,590,19
203,581,593,25
204,579,598,6
205,594,599,56
206,585,600,62
207,599,602,36
208,600,606,10
209,609,614,67
210,599,616,75
211,611,620,2
212,614,624,42
213,615,628,42
214,622,629,19
215,613,634,43
216,629,642,93
217,629,645,86
218,629,646,42
219,638,649,67
220,640,651,57
221,648,652,78
222,652,655,16
223,651,656,38
224,654,657,47
225,647,662,63
226,642,663,83
227,664,671,61
228,664,672,1
229,666,673,43
230,655,676,5
231,662,680,14
232,670,683,11
233,683,687,67
234,671,688,85
235,685,690,37
236,688,697,20
237,694,701,95
238,701,703,76
239,692,705,36
240,702,711,35
241,709,713,57
242,697,716,88
243,707,719,96
244,708,721,67
245,713,722,41
246,705,726,39
247,726,727,54
248,720,731,60
249,719,734,92
250,724,735,88
251,719,736,73
252,738,739,96
253,735,741,40
254,728,744,78
255,739,747,94
256,733,749,80
257,742,751,22
258,746,753,81
259,747,755,42
260,742,759,98
261,755,761,34
262,752,768,30
263,767,774,53
264,770,776,90
265,768,777,54
266,763,778,22
267,775,782,44
268,769,784,52
269,776,785,45
270,796,808,33
271,792,809,74
272,796,811,19
273,807,812,56
274,798,813,95
275,813,819,79
276,799,820,52
277,814,821,91
278,803,822,17
279,805,823,54
280,814,825,28
281,820,826,11
282,814,830,11
283,818,835,9
284,821,841,92
285,839,842,56
286,848,849,39
287,847,850,34
288,844,851,57
289,856,861,25
290,842,863,57
291,859,864,6
292,844,865,24
293,859,866,37
294,865,869,43
295,866,870,31
296,869,871,41
297,860,880,3
298,865,881,15
299,878,883,2
300,874,884,47
301,883,889,75
302,878,890,15
303,881,894,29
304,877,896,18
305,884,898,90
306,885,902,59
307,900,903,21
308,900,908,25
309,903,909,69
310,904,912,1
311,904,915,53
312,899,919,42
313,903,921,16
314,913,923,18
315,912,925,1
316,920,932,10
317,922,933,92
318,913,934,68
319,932,935,88
320,920,937,8
321,929,938,98
322,928,941,35
323,928,945,71
324,939,950,83
325,932,951,70
326,947,956,94
327,947,960,87
328,959,962,99
329,954,967,17
330,964,969,28
331,971,975,66
332,973,985,44
333,982,986,83
334,978,990,6
335,983,992,16
336,978,997,98
337,978,998,54
338,987,1003,71
339,1003,1006,73
340,996,1008,31
341,998,1009,45
342,1001,1015,65
343,1014,1017,59
344,1004,1018,87
345,1019,1021,21
346,1013,1023,2
347,1027,1032,50
348,1014,1035,50
349,1035,1041,27
350,1038,1043,73
351,1036,1046,7
352,1033,1048,43
353,1036,1052,50
354,1041,1055,100
355,1050,1064,35
356,1055,1067,93
357,1056,1070,87
358,1074,1076,67
359,1065,1077,48
360,1064,1078,30
361,1071,1083,93
362,1066,1084,80
363,1086,1087,65
364,1095,1097,87
365,1084,1100,58
366,1080,1101,71
367,1103,1109,94
368,1100,1111,43
369,1091,1112,27
370,1100,1113,70
371,1106,1120,31
372,1120,1121,81
373,1102,1122,6
374,1108,1123,56
375,1111,1125,66
376,1122,1142,50
377,1140,1143,37
378,1140,1146,98
379,1129,1149,44
380,1151,1154,17
381,1136,1156,13
382,1150,1157,25
383,1155,1158,13
384,1139,1160,99
385,1153,1163,47
386,1151,1165,19
387,1164,1168,21
388,1158,1170,65
389,1150,1171,20
390,1168,1176,44
391,1170,1177,100
392,1168,1179,36
393,1175,1190,92
394,1186,1191,36
395,1176,1192,4
396,1189,1195,21
397,1200,1207,51
398,1188,1208,65
399,1201,1210,100
400,1200,1215,75
401,1218,1219,42
402,1210,1222,74
403,1207,1223,74
404,1226,1227,82
405,1224,1229,97
406,1225,1233,6
407,1216,1236,47
408,1225,1238,38
409,1228,1241,82
410,1224,1244,71
411,1235,1254,84
412,1236,1257,78
413,1261,1263,90
414,1253,1264,71
415,1251,1268,9
416,1258,1269,84
417,1259,1271,23
418,1262,1273,27
419,1257,1275,5
420,1273,1278,52
421,1271,1283,66
422,1281,1287,26
423,1281,1292,82
424,1276,1295,66
425,1299,1302,35
426,1293,1304,94
427,1293,1308,46
428,1307,1309,18
429,1308,1310,19
430,1308,1311,65
431,1303,1319,33
432,1310,1321,49
433,1318,1322,45
434,1329,1331,51
435,1314,1332,8
436,1321,1337,29
437,1335,1339,96
438,1323,1341,35
439,1331,1346,66
440,1342,1350,58
441,1341,1351,64
442,1349,1354,58
443,1351,1356,51
444,1342,1358,80
445,1345,1360,1
446,1359,1362,71
447,1359,1363,11
448,1352,1366,46
449,1363,1369,64
450,1362,1370,54
451,1356,1374,28
452,1373,1375,65
453,1374,1376,15
454,1372,1378,74
455,1362,1379,3
456,1378,1381,94
457,1372,1382,86
458,1386,1390,93
459,1389,1391,46
460,1373,1392,44
461,1387,1396,51
462,1392,1398,65
463,1390,1402,62
464,1397,1403,79
465,1393,1405,99
466,1403,1406,73
467,1400,1409,20
468,1394,1410,82
469,1409,1412,80
470,1397,1416,76
471,1414,1419,61
472,1408,1420,48
473,1414,1421,69
474,1404,1422,10
475,1410,1423,23
476,1422,1427,29
477,1428,1430,33
478,1425,1432,35
479,1430,1438,81
480,1432,1446,30
481,1428,1447,36
482,1431,1449,22
483,1443,1451,26
484,1445,1463,94
485,1459,1464,98
486,1460,1466,78
487,1458,1470,59
488,1469,1472,97
489,1476,1477,98
490,1472,1481,97
491,1475,1482,53
492,1475,1487,20
493,1480,1488,37
494,1471,1490,34
495,1483,1492,6
496,1480,1498,69
497,1499,1501,78
498,1490,1505,77
499,1491,1506,41
500,1493,1507,85
501,1501,1511,18
502,1494,1513,37
503,1494,1515,53
504,1498,1516,35
505,1514,1521,92
506,1510,1524,71
507,1510,1526,23
508,1517,1530,93
509,1529,1534,46
510,1521,1535,94
511,1525,1538,79
512,1536,1539,84
513,1519,1540,33
514,1533,1551,72
515,1546,1552,4
516,1538,1557,56
517,1557,1558,73
518,1550,1563,1
519,1550,1565,71
520,1561,1570,50
521,1560,1571,27
522,1562,1574,95
523,1562,1575,92
524,1575,1576,87
525,1570,1578,98
526,1576,1579,25
527,1573,1580,64
528,1576,1581,26
529,1565,1584,18
530,1575,1589,100
531,1588,1591,12
532,1580,1596,56
533,1588,1598,81
534,1591,1601,65
535,1592,1602,4
536,1585,1606,24
537,1591,1607,96
538,1597,1613,97
539,1598,1616,79
540,1613,1619,50
541,1612,1622,76
542,1608,1624,33
543,1617,1626,33
544,1614,1630,15
545,1628,1634,31
546,1637,1639,99
547,1631,1644,99
548,1632,1648,85
549,1629,1650,59
550,1642,1653,51
551,1636,1654,90
552,1645,1658,54
553,1641,1661,2
554,1660,1662,59
555,1659,1663,55
556,1648,1664,70
557,1655,1669,6
558,1653,1671,73
559,1669,1674,15
560,1667,1675,54
561,1656,1677,91
562,1664,1679,93
563,1672,1684,13
564,1669,1685,49
565,1682,1686,87
566,1667,1688,26
567,1679,1689,2
568,1691,1696,25
569,1688,1697,64
570,1699,1701,90
571,1686,1702,25
572,1697,1707,18
573,1700,1708,75
574,1705,1709,8
575,1692,1711,88
576,1696,1713,96
577,1699,1714,14
578,1703,1718,65
579,1721,1723,53
580,1717,1727,80
581,1719,1733,72
582,1715,1734,81
583,1721,1738,40
584,1741,1742,39
585,1727,1746,31
586,1734,1754,24
587,1738,1755,84
588,1748,1758,63
589,1741,1762,18
590,1752,1763,82
591,1759,1764,10
592,1744,1765,42
593,1759,1771,23
594,1773,1775,12
595,1758,1776,31
596,1769,1778,28
597,1772,1779,3
598,1766,1781,37
599,1764,1785,65
600,1779,1792,78
601,1781,1793,75
602,1776,1794,35
603,1791,1796,38
604,1780,1799,89
605,1785,1804,73
606,1789,1807,15
607,1808,1810,81
608,1797,1812,8
609,1807,1815,3
610,1803,1818,14
611,1825,1826,100
612,1812,1827,77
613,1827,1829,31
614,1810,1831,9
615,1813,1832,65
616,1830,1833,39
617,1823,1835,72
618,1839,1840,50
619,1835,1843,57
620,1835,1854,85
621,1838,1855,21
622,1849,1865,94
623,1859,1867,5
624,1850,1868,43
625,1858,1871,25
626,1855,1872,44
627,1865,1873,16
628,1858,1875,43
629,1864,1877,62
630,1880,1882,33
631,1880,1884,88
632,1877,1885,84
633,1888,1889,12
634,1878,1895,32
635,1895,1897,86
636,1892,1899,19
637,1892,1901,89
638,1901,1914,75
639,1911,1915,76
640,1900,1918,21
641,1904,1921,95
642,1907,1924,6
643,1910,1925,17
644,1920,1928,92
645,1925,1930,32
646,1917,1933,8
647,1935,1939,93
648,1932,1940,70
649,1931,1943,19
650,1929,1944,81
651,1939,1949,40
652,1946,1951,91
653,1942,1955,18
654,1955,1959,11
655,1954,1964,92
656,1944,1965,82
657,1954,1968,16
658,1960,1973,56
659,1976,1977,79
660,1967,1979,19
661,1977,1984,13
662,1973,1987,7
663,1989,1993,3
664,1986,1998,21
665,1999,2002,39
666,1987,2003,55
667,1999,2007,26
668,2003,2009,74
669,1993,2013,43
670,2014,2020,17
671,2008,2022,89
672,2002,2023,23
673,2008,2025,24
674,2023,2026,57
675,2017,2029,94
676,2028,2032,8
677,2024,2033,26
678,2030,2037,83
679,2033,2039,46
680,2035,2040,82
681,2024,2041,34
682,2042,2048,97
683,2043,2051,97
684,2044,2053,66
685,2041,2057,5
686,2050,2059,13
687,2056,2064,64
688,2062,2065,96
689,2071,2079,49
690,2069,2080,3
691,2080,2088,81
692,2071,2089,88
693,2091,2093,47
694,2075,2096,14
695,2077,2098,70
696,2091,2099,67
697,2089,2101,5
698,2100,2103,55
699,2084,2104,70
700,2102,2106,6
701,2086,2107,59
702,2092,2109,73
703,2101,2115,72
704,2112,2116,68
705,2103,2119,75
706,2117,2120,65
707,2103,2124,68
708,2122,2131,9
709,2121,2133,39
710,2120,2136,11
711,2141,2149,28
712,2145,2150,23
713,2145,2151,49
714,2150,2160,100
715,2143,2162,19
716,2159,2163,93
717,2146,2167,75
718,2170,2174,86
719,2167,2178,95
720,2166,2180,83
721,2170,2181,69
722,2176,2182,95
723,2172,2190,27
724,2194,2196,60
725,2188,2202,7
726,2185,2203,53
727,2195,2205,33
728,2207,2211,57
729,2195,2213,82
730,2197,2214,11
731,2201,2222,33
732,2209,2225,61
733,2215,2226,35
734,2212,2231,70
735,2224,2233,90
736,2232,2240,8
737,2232,2243,25
738,2228,2244,67
739,2242,2245,32
740,2228,2246,12
741,2246,2250,56
742,2243,2253,54
743,2242,2255,27
744,2236,2256,32
745,2253,2258,86
746,2260,2264,76
747,2260,2266,5
748,2258,2267,54
749,2248,2269,45
750,2265,2270,89
751,2262,2271,74
752,2268,2272,77
753,2253,2273,86
754,2266,2274,4
755,2270,2275,62
756,2264,2279,83
757,2259,2280,24
758,2284,2285,52
759,2278,2287,33
760,2271,2288,21
761,2288,2289,55
762,2287,2293,26
763,2294,2295,88
764,2291,2300,75
765,2289,2302,87
766,2286,2303,21
767,2302,2304,1
768,2296,2307,90
769,2296,2311,69
770,2314,2316,94
771,2303,2317,42
772,2303,2320,88
773,2316,2327,52
774,2321,2331,56
775,2317,2333,60
776,2332,2337,76
777,2323,2340,51
778,2321,2341,55
779,2341,2342,33
780,2334,2343,26
781,2345,2346,53
782,2348,2350,32
783,2352,2354,92
784,2347,2359,38
785,2343,2363,75
786,2359,2367,76
787,2362,2368,82
788,2365,2376,77
789,2372,2377,37
790,2369,2379,21
791,2372,2381,22
792,2376,2384,62
793,2368,2386,27
794,2372,2387,86
795,2383,2388,80
796,2376,2391,62
797,2374,2392,94
798,2381,2394,18
799,2387,2395,13
800,2380,2396,52
801,2393,2398,34
802,2391,2399,21
803,2397,2400,48
804,2390,2401,6
805,2394,2405,89
806,2390,2409,48
807,2392,2410,96
808,2410,2412,21
809,2397,2413,20
810,2403,2414,37
811,2413,2417,100
812,2404,2421,63
813,2416,2422,22
814,2407,2423,10
815,2415,2429,32
816,2410,2430,22
817,2414,2433,15
818,2420,2440,62
819,2422,2441,87
820,2440,2445,60
821,2436,2447,62
822,2432,2448,15
823,2441,2450,14
824,2446,2453,72
825,2448,2454,49
826,2440,2459,67
827,2445,2460,60
828,2447,2461,99
829,2454,2462,86
830,2460,2466,96
831,2460,2471,75
832,2473,2477,47
833,2479,2482,25
834,2480,2486,48
835,2479,2491,21
836,2482,2492,56
837,2486,2494,53
838,2479,2495,6
839,2486,2498,74
840,2495,2500,50
841,2487,2505,37
842,2492,2507,14
843,2505,2512,100
844,2494,2515,76
845,2500,2517,70
846,2512,2524,87
847,2513,2525,92
848,2515,2526,34
849,2526,2527,73
850,2526,2528,50
851,2510,2530,75
852,2524,2531,92
853,2521,2532,78
854,2530,2534,100
855,2535,2536,16
856,2527,2538,89
857,2533,2540,37
858,2542,2543,72
859,2529,2547,13
860,2537,2548,52
861,2536,2550,5
862,2538,2558,4
863,2547,2561,50
864,2547,2567,57
865,2553,2569,71
866,2552,2570,48
867,2552,2573,76
868,2565,2574,86
869,2571,2575,27
870,2574,2576,37
871,2573,2577,22
872,2564,2578,88
873,2564,2581,19
874,2572,2583,3
875,2575,2584,23
876,2574,2585,11
877,2569,2586,23
878,2578,2588,54
879,2569,2590,97
880,2581,2597,50
881,2596,2598,36
882,2596,2600,79
883,2592,2603,1
884,2599,2618,60
885,2608,2619,46
886,2614,2620,54
887,2619,2623,78
888,2624,2625,54
889,2616,2628,86
890,2616,2629,51
891,2628,2630,78
892,2624,2631,29
893,2628,2632,20
894,2618,2634,28
895,2633,2638,42
896,2626,2640,75
897,2640,2646,12
898,2639,2653,6
899,2640,2656,11
900,2659,2662,5
901,2656,2665,44
902,2651,2666,16
903,2652,2667,94
904,2653,2668,75
905,2657,2670,95
906,2662,2671,63
907,2653,2673,6
908,2657,2676,73
909,2687,2692,33
910,2693,2697,58
911,2701,2704,92
912,2700,2705,22
913,2697,2708,96
914,2693,2710,67
915,2706,2720,20
916,2711,2724,22
917,2714,2725,50
918,2712,2726,49
919,2711,2730,36
920,2713,2731,17
921,2714,2733,43
922,2715,2734,62
923,2735,2739,12
924,2724,2740,9
925,2737,2744,78
926,2741,2745,85
927,2741,2746,32
928,2744,2747,4
929,2746,2751,2
930,2749,2754,55
931,2749,2755,76
932,2738,2758,16
933,2755,2763,3
934,2758,2765,11
935,2767,2768,15
936,2758,2777,2
937,2781,2784,3
938,2777,2787,41
939,2776,2790,31
940,2778,2791,49
941,2784,2795,68
942,2800,2805,60
943,2792,2807,1
944,2802,2810,48
945,2801,2815,41
946,2809,2820,41
947,2811,2827,64
948,2828,2830,32
949,2826,2833,14
950,2821,2834,51
951,2833,2836,31
952,2834,2837,27
953,2819,2839,16
954,2838,2842,32
955,2840,2844,59
956,2840,2847,90
957,2845,2848,59
958,2856,2858,37
959,2844,2859,10
960,2870,2874,32
961,2874,2879,88
962,2881,2885,11
963,2886,2890,68
964,2888,2891,5
965,2880,2894,18
966,2882,2897,53
967,2887,2898,65
968,2887,2900,89
969,2886,2905,71
970,2885,2906,55
971,2902,2907,9
972,2889,2908,77
973,2908,2909,85
974,2896,2917,48
975,2901,2918,42
976,2907,2922,10
977,2920,2924,17
978,2924,2925,32
979,2909,2928,12
980,2916,2931,51
981,2923,2934,67
982,2928,2935,52
983,2931,2937,93
984,2928,2938,84
985,2940,2943,54
986,2947,2952,61
987,2951,2953,88
988,2956,2957,43
989,2943,2960,19
990,2956,2961,93
991,2945,2964,55
992,2960,2968,65
993,2965,2974,63
994,2970,2985,96
995,2985,2989,82
996,2981,2990,78
997,2979,2991,1
998,2989,2993,78
999,2992,2999,81
